Phalanges
t;x;y;v_{y};v_{x};a_{x};a_{y}
0,000;-5,944E-2;5,615E-2;;;;
0,008;-3,146E-2;5,927E-2;0,156;2,808;;
0,017;-1,265E-2;5,875E-2;6,759E-2;2,906;10,16;-9,091
0,025;1,698E-2;6,040E-2;8,839E-2;3,281;16,93;-15,15
0,033;4,203E-2;6,022E-2;-0,208;3,016;-18,54;-13,90
0,042;6,724E-2;5,693E-2;-0,208;3,016;-13,55;12,12
0,050;9,229E-2;5,676E-2;6,239E-2;2,813;-13,73;15,33
0,058;0,114;5,797E-2;5,719E-2;2,719;-9,804;2,674
0,067;0,138;5,771E-2;5,719E-2;2,719;-3,030;-3,387
0,075;0,159;5,892E-2;5,199E-2;2,626;-6,596;2,852
0,083;0,181;5,858E-2;5,199E-2;2,626;-6,596;2,852
0,092;0,203;5,979E-2;0,140;2,527;-22,82;5,169
0,100;0,223;6,092E-2;0,125;2,246;-25,67;-1,426
0,108;0,241;6,187E-2;0,114;2,059;-24,96;-14,26
0,117;0,258;6,282E-2;-8,319E-2;1,882;-18,54;-13,90
0,125;0,272;6,048E-2;-0,187;1,700;0,178;-3,209
0,133;0,286;5,970E-2;-8,319E-2;1,882;-12,83;-0,713
0,142;0,303;5,910E-2;-0,192;1,607;-28,70;-4,813
0,150;0,313;5,650E-2;-0,213;1,232;-29,41;8,022
0,158;0,324;5,554E-2;-2,600E-2;1,222;-3,030;-3,387
0,167;0,333;5,606E-2;-0,218;1,139;-18,72;-10,70
0,175;0,343;5,191E-2;-0,322;0,957;-12,48;-7,130
0,183;0,349;5,069E-2;-0,234;0,858;-9,804;2,674
0,192;0,357;4,801E-2;-0,328;0,863;-9,269;-6,952
0,200;0,364;4,523E-2;-0,338;0,676;-11,59;1,416
0,208;0,368;4,237E-2;-0,310;0,647;-9,136;-7,501
0,217;0,374;4,007E-2;-0,431;0,575;-5,506;-8,140
0,225;0,378;3,520E-2;-0,506;0,498;-8,470;-3,491
0,233;0,383;3,165E-2;-0,442;0,482;-0,869;1,813
0,242;0,386;2,784E-2;-0,487;0,447;-1,066;-4,014
0,250;0,390;2,353E-2;-0,515;0,488;0,634;-2,131
0,258;0,394;1,926E-2;-0,517;0,455;-0,294;2,831
0,267;0,398;1,491E-2;-0,476;0,468;0,543;14,40
0,275;0,402;1,133E-2;-0,284;0,485;-10,13;23,28
0,283;0,406;1,017E-2;-6,322E-2;0,307;-19,83;14,86
0,292;0,407;1,027E-2;-2,996E-2;0,120;-16,81;3,223
0,300;0,408;9,673E-3;-3,733E-2;4,399E-2;-7,453;0,708
0,308;0,408;9,652E-3;-2,200E-3;-8,544E-3;-3,896;2,557
0,317;0,408;9,636E-3;8,490E-5;-1,928E-2;5,655E-2;0,160
0,325;0,408;9,654E-3;1,153E-3;-6,623E-3;0,913;-2,570
0,333;0,408;9,655E-3;-3,788E-2;-7,319E-4;0,836;3,881
0,342;0,408;9,022E-3;3,871E-2;3,287E-3;0,640;1,273
0,350;0,408;1,030E-2;3,801E-2;1,290E-2;0,219;-1,356
0,358;0,408;9,656E-3;-3,874E-2;6,985E-3;0,591;-1,243
0,367;0,408;9,655E-3;3,919E-2;1,805E-2;1,235E-2;1,444
0,375;0,408;1,031E-2;1,984E-3;1,617E-2;-0,642;-2,653
0,383;0,408;9,688E-3;-3,777E-2;-1,250E-3;-1,259;-1,438
0,392;0,408;9,680E-3;-5,978E-4;-9,538E-4;-1,078;2,530
0,400;0,408;9,678E-3;-6,731E-4;-1,806E-2;-0,608;2,971E-2
0,408;0,408;9,668E-3;-3,938E-4;-1,728E-2;0,556;-2,293E-2
0,417;0,408;9,671E-3;-6,386E-4;-2,099E-3;1,154;1,564E-2
0,425;0,408;9,658E-3;-6,570E-4;-7,097E-4;-1,654;5,191
0,433;0,408;9,660E-3;7,554E-2;-2,526E-2;-0,773;2,559
0,442;0,407;1,092E-2;7,428E-2;-2,521E-2;-1,052;-2,680
0,450;0,407;1,090E-2;-1,793E-3;-2,735E-2;1,012;-2,422
0,458;0,407;1,089E-2;3,918E-2;-2,477E-2;-0,243;-6,507
0,467;0,407;1,155E-2;-7,641E-2;-1,527E-2;0,163;-0,231
0,475;0,407;9,613E-3;-4,226E-2;-3,326E-2;-0,534;3,868
0,483;0,406;1,085E-2;7,514E-2;-2,118E-2;1,001;2,777
0,492;0,406;1,087E-2;-3,820E-2;-1,449E-2;-0,453;-9,147
0,500;0,406;1,021E-2;-7,848E-2;-2,860E-2;-0,492;-0,125
0,508;0,406;9,558E-3;-3,994E-2;-2,791E-2;0,717;4,029
0,517;0,406;9,544E-3;-5,514E-4;-1,156E-2;0,414;2,570
0,525;0,406;9,548E-3;-1,940E-3;-2,028E-2;-1,886;-5,364
0,533;0,405;9,512E-3;-7,998E-2;-4,502E-2;-1,076;-6,031E-3
0,542;0,405;8,215E-3;-3,984E-2;-4,239E-2;1,649;6,746
0,550;0,405;8,848E-3;7,628E-2;-1,324E-2;1,989;2,639
0,558;0,405;9,487E-3;-1,185E-3;-6,547E-3;-0,527;-2,643
0,567;0,404;8,828E-3;-1,179E-3;-2,442E-2;-2,015;-5,837E-2
0,575;0,404;9,467E-3;3,687E-2;-4,137E-2;0,352;1,375
0,583;0,404;9,443E-3;-1,003E-3;-2,233E-2;1,445;-4,159E-2
0,592;0,404;9,450E-3;3,721E-2;-7,749E-3;-1,706E-2;1,314
0,600;0,404;1,006E-2;3,632E-2;-2,784E-2;-0,544;-1,317
0,608;0,403;1,006E-2;-6,047E-4;-2,046E-2;0,229;-2,487
0,617;0,403;1,005E-2;2,024E-4;-1,604E-2;0,820;2,728
0,625;0,403;1,006E-2;3,944E-2;-1,476E-2;0,679;6,524
0,633;0,403;1,071E-2;0,115;7,666E-4;-0,815;1,225
0,642;0,403;1,197E-2;7,557E-2;-2,577E-2;-1,292;-0,153
0,650;0,403;1,197E-2;7,464E-2;-3,221E-2;-5,456E-2;7,598E-2
0,658;0,403;1,321E-2;0,114;-1,565E-2;1,622;4,054
0,667;0,402;1,387E-2;0,116;-1,119E-2;0,195;-1,212
0,675;0,402;1,515E-2;0,115;-7,935E-3;-4,285;-9,414
0,683;0,402;1,579E-2;-4,039E-2;-7,692E-2;-8,063;-4,347
0,692;0,401;1,448E-2;-6,858E-3;-0,157;-8,395;12,69
0,700;0,400;1,567E-2;0,220;-0,208;-7,217;12,90
0,708;0,398;1,814E-2;0,219;-0,279;-3,616;4,814
0,717;0,395;1,933E-2;0,252;-0,279;5,524;12,12
0,725;0,393;2,234E-2;0,451;-0,180;34,66;17,17
0,733;0,392;2,684E-2;0,547;0,257;27,58;14,63
0,742;0,397;3,146E-2;0,667;0,410;15,67;21,22
0,750;0,399;3,796E-2;0,913;0,375;-1,069;18,11
0,758;0,403;4,668E-2;0,998;0,488;5,443;1,764
0,767;0,407;5,459E-2;0,915;0,417;-2,291;-4,128
0,775;0,410;6,193E-2;0,920;0,456;3,382;1,665
0,783;0,415;6,993E-2;0,959;0,484;2,463;7,807
0,792;0,418;7,792E-2;1,034;0,488;1,873;5,237
0,800;0,423;8,716E-2;1,073;0,517;-1,143;6,488
0,808;0,427;9,580E-2;1,110;0,480;-3,177;2,701
0,817;0,431;0,106;1,149;0,444;-3,374;3,892
0,825;0,434;0,115;1,150;0,440;-1,831;1,199
0,833;0,438;0,125;1,184;0,406;1,756;7,905
0,842;0,441;0,135;1,265;0,460;2,325;2,906
0,850;0,446;0,146;1,267;0,473;3,697;-2,295
0,858;0,449;0,156;1,192;0,487;3,003;0,320
0,867;0,454;0,166;1,274;0,550;6,646;5,505
0,875;0,458;0,177;1,311;0,582;3,640;1,545
0,883;0,463;0,188;1,276;0,621;5,804;-2,533
0,892;0,469;0,198;1,277;0,668;7,600;0,200
0,900;0,475;0,209;1,277;0,754;6,531;-1,908E-3
0,908;0,481;0,220;1,279;0,784;4,538;-1,833
0,917;0,488;0,230;1,249;0,814;6,353;-3,405
0,925;0,495;0,240;1,215;0,898;9,814;-4,297
0,933;0,503;0,250;1,184;0,978;7,173;-1,356
0,942;0,511;0,260;1,183;1,022;;
0,950;0,520;0,270;;;;
